441.67
442.13
420.92
423.91
430.98
426.78
451.76
451.00
440.81
412.70
456.80
443.35
473.68
450.10
422.79
457.36
421.66
421.79
466.18
431.99
432.05
445.00
447.80
416.53
444.37
460.88
448.70
440.37
446.38
435.61
424.73
438.54
421.13
443.55
425.00
449.16
468.36
451.68
431.18
433.86
439.60
431.94
414.85
426.05
445.76
425.50
442.14
419.80
460.10
425.89
431.42
432.49
457.44
429.41
430.70
419.97
437.82
456.16
447.99
431.48
424.79
461.35
439.31
447.23
429.91
434.55
435.46
448.83
442.03
424.10
436.47
433.94
430.95
463.11
434.24
451.38
431.95
438.87
446.37
444.99
442.56
434.96
447.93
454.80
459.46
440.55
428.05
433.54
415.15
461.06
441.65
454.32
439.15
438.66
420.72
416.20
440.75
428.65
429.91
418.10
438.31
450.94
437.91
435.96
449.41
420.33
455.81
448.17
452.32
478.75
424.09
447.69
454.11
407.10
437.01
444.47
446.38
468.71
437.19
448.49
428.72
446.48
439.67
443.65
428.44
423.81
446.88
437.48
467.51
435.51
438.26
436.12
407.80
450.57
436.26
406.07
461.72
430.13
423.18
442.03
426.98
439.26
433.14
454.76
423.83
468.32
431.50
426.91
420.24
439.77
435.28
455.58
429.40
438.94
454.93
414.91
449.12
459.69
411.33
422.55
405.85
426.44
409.14
427.86
423.79
457.17
435.53
400.81
439.14
434.96
440.14
468.19
429.76
445.98
441.46
439.92
440.10
419.89
431.11
451.53
459.22
428.07
415.32
410.38
429.04
463.48
440.28
449.88
464.70
413.57
426.07
456.95
431.17
453.11
428.88
430.83
451.67
423.47
452.82
444.31
434.97
422.22
439.17
433.30
419.27
453.05
425.31
419.05
445.37
430.85
437.72
438.61
429.78
441.06
437.15
418.86
468.04
417.66
415.69
456.50
440.40
425.01
434.76
418.57
465.68
448.01
453.46
451.96
439.79
447.76
442.91
472.78
426.59
439.90
468.08
445.60
446.18
433.28
445.65
434.90
466.97
440.21
455.45
433.28
449.08
424.45
415.72
451.83
434.32
434.90
435.46
451.23
455.11
459.59
403.27
451.83
460.68
450.99
468.97
462.07
464.18
435.99
433.99
413.14
448.23
446.73
427.73
446.13
449.60
453.01
451.91
447.19
437.19
437.80
457.50
456.67
446.50
434.61
437.21
431.29
462.62
408.74
445.28
438.30
443.07
440.03
444.62
494.33
454.47
431.87
448.24
447.09
423.35
428.02
437.93
445.29
429.80
440.13
446.80
441.52
413.03
418.90
429.18
423.33
426.15
430.41
433.71
396.11
425.47
425.34
418.18
406.56
457.47
444.65
433.94
451.16
420.18
419.22
460.52
424.01
398.04
439.96
437.57
435.26
449.51
415.98
416.00
443.79
405.38
438.53
436.38
461.87
416.51
429.01
430.83
417.36
421.27
424.34
452.40
438.86
430.79
428.97
427.20
440.54
435.99
447.00
436.33
442.56
444.33
425.01
449.54
430.22
436.67
444.41
447.20
464.90
438.17
448.04
420.55
439.05
444.46
436.53
441.56
463.53
430.46
431.77
448.61
443.55
441.98
466.90
479.18
440.96
433.65
449.37
434.08
421.28
408.99
442.16
451.58
424.21
439.54
451.89
434.25
411.16
447.03
425.55
424.13
456.33
426.48
476.61
434.44
449.79
412.24
455.42
455.49
433.40
427.96
417.20
418.24
407.48
433.48
442.85
407.74
418.21
432.64
435.41
421.09
447.91
430.46
429.40
414.09
454.65
442.93
421.79
433.64
433.30
450.32
440.97
457.32
429.71
445.98
415.95
454.40
418.55
435.70
439.58
440.70
435.92
421.22
449.09
448.96
428.88
445.99
458.76
449.84
410.91
427.79
438.72
448.26
441.96
448.72
439.85
436.80
417.48
418.35
445.99
422.91
431.38
451.55
451.58
468.07
433.19
436.07
452.10
427.39
436.19
446.99
411.38
454.52
435.78
439.10
429.59
436.93
425.39
436.56
414.32
434.86
412.53
451.21
432.97
433.69
419.86
462.68
454.18
420.22
441.96
437.30
426.28
450.24
424.58
400.87
429.68
418.16
459.19
455.90
436.23
436.47
453.94
441.86
447.31
430.31
414.28
449.46
446.09
420.55
447.15
422.55
467.64
444.19
428.68
405.87
439.26
451.72
442.05
426.03
438.48
442.59
420.25
423.39
436.04
436.35
428.09
439.37
426.77
439.91
420.38
430.74
444.91
444.48
457.62
470.25
444.31
453.24
435.04
432.91
457.59
452.04
435.24
444.95
451.80
428.95
424.63
427.26
460.45
452.05
422.53
449.14
416.40
444.79
459.88
433.31
419.21
439.33
439.81
423.70
408.71
460.67
444.60
411.13
428.90
433.08
437.49
462.01
442.13
431.54
449.80
430.24
420.01
431.23
431.67
443.95
444.35
419.93
431.94
425.20
444.83
436.49
421.34
423.96
430.42
451.11
478.40
427.66
450.06
407.49
452.55
454.83
423.33
414.63
470.09
430.70
437.19
422.86
426.10
441.64
446.96
440.05
445.94
445.86
458.26
403.43
445.18
435.15
413.65
430.45
457.47
440.54
432.31
439.49
415.62
399.93
457.17
419.93
463.94
452.98
455.61
449.40
434.12
441.29
437.89
426.29
455.78
427.75
426.62
417.70
458.00
436.18
450.76
453.20
439.28
445.11
429.14
414.88
448.10
441.24
425.25
449.38
462.23
425.42
457.25
436.43
428.31
420.88
460.12
453.75
438.01
409.62
436.21
425.98
431.23
439.11
418.47
410.54
441.25
410.25
419.60
465.65
467.48
431.82
405.04
404.65
441.36
433.79
452.91
440.46
437.32
456.78
440.88
415.10
454.31
446.68
424.15
447.27
443.44
441.52
449.68
457.49
455.99
424.37
440.95
423.43
441.50
422.17
432.94
421.79
415.65
468.21
436.72
433.20
430.53
418.57
436.71
419.59
433.13
425.44
430.80
423.96
439.70
458.03
465.31
439.95
417.51
421.38
456.01
446.05
415.77
443.99
428.43
435.99
426.83
454.18
422.54
449.49
438.47
450.08
448.23
458.66
434.73
430.11
423.40
441.43
430.39
427.86
449.90
446.11
438.53
436.11
408.54
419.23
425.74
424.69
459.10
447.09
469.56
454.81
437.42
461.92
412.95
428.91
408.04
444.02
442.49
437.06
446.56
430.94
450.19
462.28
415.73
422.37
439.42
440.11
433.94
411.87
461.81
427.58
421.04
437.98
431.23
430.67
442.43
430.60
429.83
436.72
436.53
434.48
429.25
428.48
433.46
437.26
444.57
429.68
441.31
415.04
421.64
410.45
447.38
437.19
413.51
442.91
442.64
446.22
434.39
429.37
444.80
431.63
446.49
430.03
437.00
452.87
433.16
426.37
471.10
444.64
431.86
455.44
432.01
442.19
431.88
429.73
438.75
436.96
442.36
430.38
455.57
439.33
449.42
414.01
406.88
434.74
449.45
472.90
421.89
441.52
422.97
414.08
412.06
434.82
441.20
435.85
471.30
458.15
413.35
410.22
436.29
429.64
448.30
435.53
435.62
431.28
448.43
423.97
439.62
441.39
434.95
436.64
433.99
418.04
426.62
447.63
459.91
413.64
443.51
449.06
427.27
418.85
453.83
431.86
427.82
407.83
412.85
456.56
428.85
439.90
447.25
423.89
428.43
456.53
434.27
451.00
448.99
425.41
437.10
443.63
413.34
427.29
410.80
450.26
422.62
446.68
445.99
427.92
411.56
437.99
440.06
448.15
416.94
442.00
440.29
430.38
454.95
452.06
443.08
447.38
429.97
414.57
467.52
453.48
410.96
432.39
427.40
448.24
418.84
459.21
417.21
407.75
435.03
449.14
454.18
430.13
425.14
419.39
425.12
430.32
448.77
423.43
405.08
422.68
452.03
413.23
408.07
415.59
472.76
450.20
435.03
444.17
448.16
420.84
432.02
424.17
435.10
415.80
431.14
440.90
426.63
425.04
406.75
436.62
442.02
438.65
447.05
423.76
432.13
441.68
444.18
443.24
438.58
422.57
456.24
428.40
464.00
430.57
414.07
429.86
415.17
450.41
427.09
429.53
426.28
439.69
413.95
432.49
414.24
419.54
459.55
425.80
417.62
427.78
434.68
435.93
441.18
428.70
428.12
438.23
409.76
424.48
463.87
470.10
449.17
443.21
431.61
420.55
394.37
425.89
448.69
394.54
468.80
433.83
445.68
418.35
415.44
419.14
408.56
460.29
446.60
430.22
433.24
430.68
454.82
437.42
437.67
427.87
427.60
435.01
441.72
440.37
449.11
427.09
437.03
456.67
443.40
437.90
445.98
432.67
453.92
448.40
424.02
430.75
424.28
448.01
425.04
463.57
439.44
435.56
452.39
455.99
432.35
423.73
421.50
440.75
420.33
433.46
442.87
459.94
419.07
445.06
420.15
436.96
419.50
434.58
438.92
438.17
450.86
463.00
425.94
425.88
440.84
449.25
408.39
424.97
482.67
414.08
441.95
452.03
440.97
442.00
446.84
440.03
439.63
415.77
450.84
415.41
406.63
428.02
467.41
447.13
424.34
434.91
451.06
448.64
473.87
437.43
443.60
462.51
430.50
408.40
426.93
438.76
418.01
444.87
443.65
445.42
450.82
425.81
437.84
443.51
456.67
463.76
433.23
440.80
458.73
435.80
439.58
444.26
440.92
421.66
426.42
449.58
411.46
456.24
410.95
420.31
436.42
417.82
455.18
462.75
458.01
440.34
422.60
453.31
437.36
423.54
422.29
445.77
430.06
453.04
432.31
429.12
452.87
457.61
434.93
422.61
424.69
427.35
421.59
465.61
427.82
442.91
427.43
414.72
436.13
439.45
459.11
417.29
413.95
427.74
438.19
448.33
411.14
433.79
432.03
423.85
438.86
418.44
438.85
449.50
422.99
433.45
421.82
438.46
444.02
425.29
403.36
448.02
415.58
429.99
417.60
448.78
441.60
442.26
441.85
449.97
422.82
443.85
416.49
441.46
431.71
439.89
422.24
466.01
441.12
457.33
468.27
427.76
432.51
436.42
416.00
443.42
415.52
414.63
433.94
423.01
439.18
432.31
433.46
428.95
428.49
429.14
432.89
422.58
424.37
439.31
454.26
445.71
436.81
447.24
418.81
452.20
435.95
432.08
462.30
395.37
428.22
442.24
435.00
457.34
432.21
452.93
442.83
443.39
427.39
424.72
439.08
439.11
453.92
434.11
425.69
426.08
426.05
413.74
435.44
424.37
441.63
413.33
454.90
458.65
429.86
418.66
467.59
424.47
432.13
417.62
441.29
397.89
436.93
421.60
439.83
462.82
443.94
436.22
433.08
425.52
440.45
426.59
410.77
429.06
417.08
451.03
444.15
460.34
454.10
417.16
440.31
455.65
429.08
434.65
434.72
421.30
448.78
442.12
438.62
443.83
430.86
416.39
440.86
438.18
437.43
434.64
427.73
453.88
431.18
436.64
422.27
444.96
449.23
436.46
471.55
429.50
444.69
451.62
415.57
449.38
450.71
478.63
445.22
421.27
445.29
417.44
430.36
436.80
439.22
455.69
428.71
445.64
442.45
431.90
428.28
442.75
423.20
437.44
444.88
421.17
433.52
412.80
436.58
452.75
406.49
443.31
441.59
408.90
452.64
447.99
436.36
420.63
448.32
425.16
434.80
445.66
443.63
431.42
466.05
450.67
430.68
457.31
441.26
448.24
442.93
460.95
427.06
440.43
452.76
391.95
432.71
435.47
425.72
421.62
424.18
396.32
436.40
418.49
450.97
447.10
437.06
477.07
439.62
439.40
444.53
449.09
425.37
468.62
462.25
425.77
431.61
421.87
453.28
437.61
430.14
469.61
417.46
448.58
428.22
439.34
455.14
432.05
457.08
440.58
429.47
443.73
422.77
446.91
438.80
433.02
429.30
420.98
458.51
447.90
436.90
445.49
431.87
448.48
443.51
432.14
428.97
431.17
451.39
455.05
447.03
439.24
450.55
442.77
425.71
463.35
441.71
433.11
411.47
440.99
447.10
460.27
428.76
431.67
428.76
429.39
416.82
443.55
453.65
444.78
436.34
458.39
423.98
451.85
450.13
442.64
442.74
446.29
446.02
440.85
434.08
431.72
450.17
426.97
468.51
427.02
438.17
434.03
430.51
461.05
416.33
437.97
423.48
447.05
452.51
442.61
432.86
438.92
443.18
403.35
442.28
443.32
432.63
429.13
445.19
422.04
431.57
440.01
410.66
421.44
435.31
396.35
432.99
420.64
442.64
431.82
455.08
453.33
455.00
421.01
439.68
439.04
425.04
457.67
429.69
423.27
433.53
409.36
439.60
424.42
439.87
421.71
426.29
410.24
441.53
444.04
458.27
458.29
445.19
420.42
441.69
416.41
434.71
416.81
443.64
416.48
459.73
428.42
426.79
427.34
421.95
423.61
426.97
420.76
425.93
438.67
424.82
434.08
425.51
435.14
438.49
431.14
423.27
450.78
432.30
436.24
442.55
435.84
444.45
461.23
448.84
431.23
416.54
441.16
434.79
447.06
445.81
430.71
431.11
428.03
445.23
452.17
455.47
440.03
435.81
434.00
433.74
410.25
446.68
462.29
417.12
434.07
429.13
427.34
427.56
440.67
417.20
423.56
441.56
433.66
412.95
431.61
456.06
445.39
423.78
480.13
425.75
428.57
451.29
441.07
435.20
464.22
431.84
467.72
437.90
455.68
411.42
433.74
437.07
425.76
431.39
424.29
431.38
439.61
405.80
427.11
434.33
444.29
460.47
441.68
430.88
420.05
450.29
450.46
434.11
418.50
446.35
450.52
467.26
465.98
422.95
436.72
432.08
409.17
437.07
427.49
444.28
466.67
445.30
431.17
451.35
458.51
430.16
438.80
405.77
416.62
445.83
456.48
468.23
423.05
430.79
397.87
435.30
437.50
465.10
424.49
447.91
434.63
444.75
440.64
465.43
428.55
444.53
446.33
421.59
440.40
423.19
430.48
442.39
453.84
418.24
434.99
440.47
450.85
418.52
444.33
451.68
446.16
453.16
442.80
449.43
444.84
422.27
447.50
430.31
440.86
419.40
445.10
422.23
420.57
441.23
440.04
449.31
442.27
445.53
429.02
452.75
412.99
428.27
435.55
446.33
462.02
460.07
442.96
427.18
437.01
443.08
423.85
444.86
437.54
403.81
455.10
427.69
453.88
458.37
449.73
423.60
445.48
400.25
428.41
443.36
443.92
439.06
405.46
447.29
435.93
421.65
446.50
445.59
416.17
433.24
449.73
442.37
427.45
431.08
460.38
427.41
442.84
471.31
446.42
460.66
453.39
422.31
434.48
417.68
455.85
450.10
428.10
416.72
441.92
443.54
441.27
438.14
409.46
430.54
429.14
440.02
446.07
429.10
443.54
415.60
448.81
441.98
434.77
431.55
428.29
427.27
418.34
433.45
415.32
420.29
437.73
434.77
443.55
389.40
423.75
429.40
449.49
454.29
414.36
433.71
417.27
412.87
443.99
434.72
436.31
422.96
413.12
474.05
428.27
420.08
440.27
435.74
426.51
426.09
400.73
402.84
452.24
420.73
435.08
427.65
418.81
428.68
452.10
434.05
416.97
442.69
470.20
421.46
439.21
436.65
450.04
412.05
422.58
419.59
437.94
430.09
448.36
414.47
434.74
434.88
409.58
439.21
453.93
447.53
417.34
435.69
433.09
427.33
446.36
449.22
423.26
419.18
448.44
443.90
433.56
435.47
440.95
461.05
426.24
433.67
417.05
418.80
452.41
444.00
430.10
437.15
495.35
445.40
437.79
432.55
444.12
428.91
428.07
443.93
494.62
412.55
423.65
464.63
436.89
430.91
426.16
427.52
456.96
445.58
444.36
447.77
426.24
442.31
444.93
444.21
437.35
430.79
456.29
427.86
435.17
448.08
421.35
445.77
456.63
438.56
416.79
472.83
399.11
415.17
435.66
424.86
416.37
462.40
416.79
420.94
426.75
447.42
431.34
435.69
439.01
436.52
424.45
451.70
395.35
447.33
452.91
420.51
467.05
450.47
462.60
443.42
454.02
461.93
436.27
448.17
454.25
447.03
446.62
423.94
467.44
432.37
443.68
450.26
442.23
420.82
432.90
401.90
435.80
445.81
448.37
457.40
426.41
462.34
458.92
422.83
429.43
430.10
439.85
444.11
436.20
421.55
439.84
421.89
464.25
442.43
433.87
446.52
432.52
411.15
447.13
416.56
437.50
412.31
433.92
431.10
463.34
418.69
430.47
424.13
444.50
445.00
439.85
446.88
406.97
411.48
421.09
455.39
461.16
436.68
435.37
448.50
455.73
453.94
445.00
425.60
432.78
472.67
444.80
446.17
425.54
440.96
444.80
464.89
435.57
421.61
428.11
442.82
450.31
434.96
440.07
427.90
452.49
424.40
431.18
461.41
446.71
432.97
425.09
422.81
425.37
452.02
434.41
432.28
411.02
444.35
446.87
461.97
425.67
443.01
434.99
448.72
440.49
441.72
440.34
456.59
449.18
440.01
438.49
411.28
434.08
452.19
421.00
450.22
426.39
441.87
438.06
428.32
404.91
392.39
452.24
415.92
428.95
438.72
426.94
438.74
470.39
467.29
438.28
445.89
439.89
433.30
475.98
464.27
438.86
440.36
442.41
408.66
457.98
424.45
449.40
433.96
424.39
443.78
428.20
425.04
443.08
431.29
450.79
422.32
443.70
412.69
422.97
437.68
452.84
418.24
426.17
454.97
457.85
430.38
440.67
430.72
455.89
445.10
461.49
427.35
435.65
452.48
442.77
430.39
437.09
426.44
437.87
432.20
427.90
435.04
416.23
416.03
414.10
439.42
428.85
439.01
418.46
447.66
441.75
428.93
435.54
471.34
439.34
425.21
427.04
432.50
463.16
441.76
442.24
423.09
430.11
439.32
456.13
458.82
452.91
437.52
444.17
425.87
420.15
427.02
438.70
421.76
437.94
426.79
427.15
439.38
439.99
467.79
442.70
457.03
452.80
416.38
434.07
423.28
416.22
445.26
452.17
419.97
429.64
419.26
469.13
455.63
426.59
409.10
449.93
441.79
444.49
454.13
438.87
441.63
433.76
425.64
421.72
452.81
452.82
436.88
448.53
435.68
451.91
433.94
406.36
428.41
445.42
453.47
431.15
405.67
428.58
430.98
428.06
437.20
425.04
416.71
436.98
438.80
404.30
427.02
452.74
443.27
443.03
427.52
430.19
424.37
468.19
429.48
440.37
440.34
428.25
434.83
436.06
462.78
431.18
439.27
418.49
422.70
477.30
437.53
470.63
447.68
450.05
434.78
427.13
440.09
442.55
439.85
441.75
432.41
470.17
442.01
448.49
446.29
427.12
426.44
387.00
464.97
433.30
443.15
427.06
446.91
433.88
432.14
438.55
447.49
437.48
441.99
427.35
423.70
423.93
422.54
431.82
459.07
459.89
419.86
449.05
436.27
440.90
470.72
435.03
396.06
444.28
447.52
444.70
436.04
438.49
437.60
434.21
440.55
444.70
445.96
423.27
409.81
446.08
463.63
441.63
422.53
457.25
409.63
457.83
443.36
427.02
433.02
455.70
465.26
462.22
395.77
439.89
449.72
428.87
437.63
450.40
406.12
449.17
474.54
422.34
435.75
430.76
435.16
417.09
401.05
419.70
414.81
440.35
407.89
443.02
451.18
439.32
415.54
416.57
423.24
402.59
434.47
434.76
426.83
433.29
453.27
441.83
446.49
416.14
417.55
433.55
423.23
420.69
435.09
428.22
435.80
434.35
419.51
430.01
450.28
424.05
433.70
420.63
424.68
444.83
455.24
414.58
431.57
417.29
437.48
432.74
466.96
443.23
434.42
449.50
456.82
432.05
451.00
442.83
422.37
431.86
413.10
411.61
439.64
440.90
433.16
413.66
448.24
448.40
452.58
424.26
433.82
427.00
426.28
425.28
424.86
436.55
414.40
446.68
432.77
432.66
447.20
438.98
448.32
453.81
424.61
429.86
401.91
424.65
430.05
445.80
455.25
456.51
456.59
429.15
454.55
445.34
443.05
433.68
437.09
443.55
455.07
415.65
427.33
450.81
452.22
430.37
406.64
442.14
428.19
441.52
440.09
436.61
440.94
422.60
430.26
425.92
450.85
426.39
436.97
433.88
415.06
452.61
430.42
441.34
439.75
445.22
423.29
438.20
425.59
427.46
457.00
445.90
436.49
439.50
425.26
432.41
416.12
434.80
430.14
443.30
419.37
443.83
441.93
437.94
428.03
430.97
439.68
453.92
448.32
458.93
438.58
422.26
398.84
452.21
443.99
445.81
426.75
465.06
459.33
477.40
443.18
444.10
431.67
449.13
414.16
461.65
459.32
439.53
422.16
447.15
420.41
445.11
437.25
444.63
436.49
411.03
423.86
432.13
465.70
446.36
425.80
458.53
424.88
429.06
454.58
459.65
455.81
452.66
409.58
437.87
437.20
435.69
418.18
476.13
440.96
432.20
414.76
430.63
459.13
423.96
420.91
444.22
446.72
422.65
431.76
472.53
442.17
445.32
439.84
422.74
442.53
426.78
432.53
453.61
447.94
420.24
432.16
442.58
440.20
432.06
422.34
463.48
439.92
436.70
441.02
465.58
440.40
446.39
434.05
423.54
443.76
460.64
451.52
443.60
419.18
444.10
463.96
435.59
450.40
443.02
420.81
424.07
446.54
431.13
448.77
449.07
449.77
456.40
454.52
430.62
441.26
446.02
457.54
427.30
460.60
430.84
418.65
452.42
443.98
454.00
439.17
430.45
478.24
451.22
454.16
448.70
433.41
421.17
430.55
433.66
445.55
429.01
410.50
428.19
421.91
435.12
440.83
438.57
455.07
426.22
441.69
449.22
415.11
426.16
428.61
419.76
438.17
433.62
411.60
411.76
432.87
472.90
417.25
452.51
444.19
428.50
460.65
432.83
439.82
415.45
428.76
425.16
433.23
457.18
445.01
465.30
440.90
443.08
441.99
457.56
436.34
432.40
442.04
429.26
442.64
430.85
438.17
420.26
453.07
451.99
396.07
421.75
426.79
458.47
411.48
453.40
408.27
431.32
438.09
453.85
435.98
452.99
420.13
434.73
451.18
449.60
429.63
479.15
445.21
417.38
445.10
409.83
458.54
450.16
432.15
446.54
444.05
422.88
424.66
445.43
439.86
425.45
443.38
411.30
446.67
429.66
448.97
427.97
421.18
449.02
447.72
425.78
446.36
430.35
449.71
470.75
419.29
446.31
412.88
424.58
436.82
446.90
431.74
453.30
438.99
443.26
431.43
414.39
467.81
398.53
430.53
450.33
431.42
431.33
419.79
453.88
425.50
417.37
445.35
438.43
450.56
432.82
425.15
432.41
409.54
426.30
456.41
425.09
412.22
428.70
434.05
441.96
444.03
474.21
431.97
420.63
451.25
437.37
420.55
451.72
438.36
430.81
428.16
439.59
423.49
413.54
467.70
427.73
436.55
459.87
441.71
449.27
420.29
412.71
438.22
446.50
426.52
445.10
467.61
441.02
461.36
408.60
421.03
442.23
442.45
434.40
437.58
461.22
461.88
432.84
442.03
421.90
419.94
446.36
404.81
441.67
445.65
447.59
425.82
422.63
437.36
470.27
457.96
435.59
420.46
440.09
440.97
445.96
442.89
434.54
436.99
435.90
450.23
440.40
393.11
413.54
447.88
453.82
436.23
439.94
430.49
467.40
439.76
439.07
423.37
413.37
454.66
423.14
446.68
430.32
453.79
436.73
413.62
393.83
459.29
430.37
422.63
438.31
451.34
431.93
446.68
440.25
426.99
445.51
408.04
428.99
427.40
427.89
411.14
428.12
445.75
438.43
408.68
433.24
442.48
421.34
416.70
431.01
449.38
409.25
442.52
447.03
415.42
447.26
451.58
424.02
447.32
433.30
433.69
451.41
418.86
433.37
422.47
439.27
441.35
396.74
425.90
456.23
436.95
461.47
445.26
417.88
465.18
421.19
446.27
439.18
438.38
430.71
437.14
445.63
442.39
438.54
421.00
433.09
421.06
420.76
429.76
459.14
439.29
436.32
420.51
434.85
427.12
439.87
436.63
421.56
453.84
436.84
420.50
428.71
416.61
434.94
428.02
423.31
464.70
430.50
432.27
418.71
450.78
417.33
428.19
424.86
445.23
417.58
444.22
462.81
412.49
419.10
435.38
445.53
413.62
414.56
448.94
447.99
468.06
409.89
447.11
469.34
424.70
445.42
442.67
412.63
437.59
450.25
412.66
465.86
436.95
453.07
451.77
422.74
412.34
461.85
414.67
443.17
422.81
428.65
437.65
437.90
428.87
421.02
435.69
446.58
428.73
450.43
439.01
444.96
442.32
425.61
428.34
435.23
445.75
442.16
459.54
449.61
428.85
445.86
473.36
446.60
449.40
427.33
444.40
461.73
436.87
420.10
420.24
433.64
413.47
402.65
462.31
430.41
427.90
435.60
437.64
445.62
450.10
428.30
453.36
437.63
448.27
441.83
443.68
456.89
443.64
434.71
435.37
431.11
430.69
416.07
415.12
437.56
440.86
442.65
421.93
441.05
452.85
439.22
417.45
446.15
431.06
435.24
438.29
424.27
440.37
448.51
447.22
412.40
454.51
408.07
475.00
437.45
446.70
473.44
422.80
437.63
437.93
460.50
439.30
433.92
435.76
416.48
407.55
421.81
453.09
458.91
436.19
436.21
415.86
461.44
434.14
439.54
440.29
424.67
431.16
448.58
420.36
443.44
456.16
420.87
402.35
434.11
464.70
414.01
439.76
423.75
415.51
429.61
440.33
456.53
440.34
447.30
445.62
445.83
420.68
432.00
419.80
437.15
428.21
456.57
431.64
460.47
441.37
434.75
436.00
444.38
447.24
448.85
439.13
426.20
449.94
450.53
417.22
436.97
446.80
431.95
440.17
447.29
446.89
428.72
452.02
435.85
432.85
423.61
414.39
410.46
435.49
454.96
419.42
420.32
435.59
421.95
415.27
452.36
409.29
415.93
444.37
419.32
429.75
438.50
450.93
452.16
430.53
436.93
439.86
436.03
446.83
454.91
440.69
463.37
438.76
463.14
425.54
469.64
406.65
456.14
457.29
426.58
433.78
433.15
427.84
424.87
432.58
436.88
435.54
405.09
442.33
442.47
434.47
437.66
435.97
439.44
432.66
446.19
417.37
476.91
427.75
409.53
417.14
435.09
462.63
430.74
448.72
449.64
419.63
451.17
448.64
440.93
447.59
450.14
426.97
445.19
450.22
448.73
434.71
442.60
444.98
429.86
417.97
465.66
429.48
435.40
459.52
429.54
455.25
428.61
466.03
462.48
436.75
408.63
436.97
419.73
460.33
421.07
452.47
438.01
425.05
433.37
446.95
422.29
444.85
414.80
439.51
443.98
446.27
442.54
418.02
428.49
442.10
453.34
423.93
431.58
439.95
438.20
426.45
419.89
420.36
464.06
446.10
416.69
431.17
438.79
444.86
439.05
425.22
444.37
441.17
421.10
441.41
442.09
436.87
443.95
439.20
449.03
415.16
413.20
424.88
463.33
447.32
421.42
429.76
435.09
433.31
441.98
447.29
411.06
436.38
430.15
430.01
440.85
442.39
432.23
431.12
453.84
432.85
412.03
443.43
435.15
431.94
414.61
448.90
414.63
445.45
442.14
421.96
433.38
437.71
458.12
416.24
455.84
429.89
428.32
448.87
450.19
436.21
408.31
432.57
443.92
429.71
447.22
420.08
422.43
448.58
448.24
452.53
428.17
413.23
414.81
463.21
460.40
464.31
466.60
458.82
454.31
423.44
435.51
428.50
428.15
436.69
461.14
448.66
448.90
440.29
448.36
436.57
427.63
454.85
458.50
422.29
444.54
441.62
432.38
425.48
411.04
427.83
448.29
446.68
480.48
441.23
441.64
425.29
430.32
449.00
445.12
445.54
424.12
422.05
441.87
425.51
433.10
403.23
436.01
406.36
428.10
464.86
449.03
442.02
452.59
412.35
449.90
431.44
449.38
426.14
428.48
440.60
434.71
448.37
434.19
455.89
443.30
435.85
448.66
442.62
453.41
415.54
440.66
419.10
400.29
447.04
409.52
429.17
424.32
420.99
441.30
449.01
445.09
440.23
423.22
431.55
429.38
443.45
458.75
460.75
433.68
441.20
432.23
431.68
444.89
425.52
447.88
430.75
430.26
443.74
437.98
426.84
422.40
407.42
400.61
424.37
434.74
393.25
433.17
427.58
434.12
419.97
421.97
428.91
429.46
444.87
432.90
446.57
408.82
430.91
408.74
451.98
444.72
438.86
473.43
437.94
431.85
422.89
455.78
403.75
437.12
421.24
431.96
446.57
449.82
427.76
413.76
427.39
444.60
437.94
453.27
425.74
422.50
442.20
445.99
429.06
414.66
426.98
452.21
408.18
417.95
452.33
439.32
435.26
438.91
433.13
436.14
456.32
459.11
440.96
424.88
446.98
407.24
409.80
435.40
420.41
433.92
439.10
440.21
439.91
443.23
429.84
447.39
413.87
432.62
439.70
454.92
405.43
448.29
435.16
454.03
444.68
436.90
447.61
425.04
443.44
442.39
450.57
417.70
447.45
420.21
418.89
432.40
438.50
419.88
440.50
439.90
441.73
460.26
442.19
426.50
457.04
415.90
441.08
429.74
477.28
434.08
472.13
454.50
444.38
452.40
440.93
421.37
427.50
441.69
423.05
442.51
427.76
456.79
438.64
454.40
430.67
434.66
429.13
445.17
445.39
433.31
441.36
445.72
407.43
435.77
452.71
439.38
430.05
424.28
463.50
430.89
448.30
439.67
453.80
456.09
432.90
454.26
441.74
447.88
455.16
433.02
440.80
446.47
438.61
420.85
433.79
444.17
424.25
464.08
428.70
446.55
424.15
460.96
463.94
447.79
417.42
428.27
445.66
448.52
434.91
443.02
433.96
436.95
433.55
451.54
401.73
432.45
433.89
441.17
416.15
430.43
452.95
426.70
437.72
436.78
434.73
424.22
443.66
412.67
446.19
441.97
468.38
430.63
428.13
458.33
415.29
425.82
446.33
435.32
437.24
419.24
460.89
429.83
420.13
434.99
443.99
440.37
394.76
438.35
449.55
429.65
429.10
430.73
427.09
450.75
412.35
380.08
461.07
432.03
438.55
436.47
449.11
430.01
448.45
431.82
435.69
415.50
436.64
436.56
459.62
435.44
444.43
451.90
446.39
402.07
468.40
455.48
449.10
427.65
442.22
408.14
441.36
423.18
420.15
421.90
461.16
432.72
456.36
404.17
434.84
438.32
445.50
436.91
460.33
441.83
451.62
448.62
430.35
453.94
411.82
421.73
452.20
425.37
385.66
455.64
460.36
428.02
451.83
424.56
456.31
457.52
453.59
449.07
456.37
445.31
426.13
417.83
449.12
441.50
441.93
431.09
444.15
433.40
424.47
409.00
423.03
442.00
431.96
441.72
444.76
435.66
463.86
454.44
433.06
445.75
442.63
434.81
415.96
443.73
446.39
443.13
469.13
436.31
433.26
421.27
431.75
441.51
424.34
426.60
429.83
456.38
435.13
465.92
401.31
438.59
445.52
415.76
434.81
433.74
403.47
403.17
440.67
449.90
435.05
427.14
427.80
428.77
444.57
419.53
436.72
440.00
461.56
452.06
439.30
451.45
439.84
447.94
442.40
414.48
435.20
429.26
441.40
445.26
461.19
440.18
439.38
420.84
461.00
423.00
443.85
439.60
425.36
440.80
435.05
434.29
419.26
438.61
453.02
446.90
439.30
429.10
431.30
432.52
448.86
440.99
424.49
457.24
454.59
416.52
430.67
433.56
421.93
444.59
450.18
445.64
451.37
440.12
441.75
442.25
438.21
429.75
424.33
465.38
430.62
423.98
421.53
453.37
460.36
411.74
433.45
456.31
442.47
454.90
454.79
430.30
444.15
444.21
425.19
414.20
423.62
440.47
449.84
447.89
405.14
427.56
450.28
438.51
443.33
414.01
459.25
440.85
440.16
439.88
450.57
406.43
459.25
405.94
461.45
435.39
443.53
444.90
453.49
440.19
445.68
434.88
435.77
425.76
426.58
426.89
423.22
454.61
435.56
442.56
436.94
438.38
413.94
431.05
430.09
416.71
430.20
427.11
474.08
461.99
421.68
428.74
432.08
430.30
436.45
434.97
436.70
450.73
432.28
443.45
466.91
421.57
442.96
434.50
462.02
433.68
427.86
454.38
439.90
459.79
435.63
450.16
434.73
437.54
430.07
426.00
438.79
446.49
449.39
408.09
430.58
434.30
449.04
429.19
447.31
448.07
427.30
432.55
457.20
457.25
413.33
449.96
430.34
450.32
433.86
442.50
438.64
436.88
423.13
401.64
447.62
422.16
451.16
440.55
427.09
434.68
438.27
426.43
429.73
447.75
441.67
445.16
442.17
454.92
467.89
420.56
454.85
430.78
422.77
418.33
464.12
451.86
434.67
450.66
445.30
437.30
424.72
435.14
412.24
445.24
458.11
438.77
455.42
449.12
410.24
437.31
423.42
427.60
449.62
414.77
449.37
470.26
415.46
432.68
437.90
425.30
441.86
457.70
448.98
427.97
451.04
436.15
449.10
464.22
431.36
454.30
430.67
422.83
433.17
440.84
408.17
449.17
425.48
448.59
438.23
436.83
470.08
422.37
472.93
422.11
446.66
416.04
410.61
436.21
433.84
444.53
422.67
451.42
412.13
442.20
463.44
451.57
422.40
405.82
440.26
455.33
438.34
436.64
418.37
434.01
447.21
436.34
430.05
450.09
423.35
429.85
458.77
444.28
420.80
434.98
448.73
450.89
450.41
445.91
438.58
437.31
441.92
423.48
449.12
424.89
460.58
414.93
416.99
434.67
440.75
450.89
430.74
426.33
435.96
410.15
426.05
450.81
462.57
411.78
425.87
427.74
444.21
438.91
449.95
447.02
424.33
440.33
422.94
454.07
432.92
417.07
465.84
432.54
461.91
454.31
430.16
398.77
429.28
412.25
450.77
438.88
432.52
449.35
447.34
432.41
431.19
423.97
468.47
455.53
427.38
455.75
434.58
419.82
423.20
423.12
405.30
448.24
435.51
441.63
445.32
439.77
425.41
420.04
440.66
468.41
469.27
431.75
437.01
454.44
417.43
441.68
457.27
451.23
419.68
432.06
439.60
449.66
468.37
428.90
423.45
433.52
420.20
402.39
441.68
425.74
447.35
438.01
419.42
399.01
409.52
422.48
440.39
454.10
432.17
449.92
439.14
437.68
439.93
434.69
425.54
446.71
461.37
449.42
436.19
459.60
446.68
446.32
428.26
427.93
427.66
443.46
433.07
437.93
460.83
452.34
446.12
436.46
439.27
467.23
425.07
429.62
433.94
439.46
445.27
454.24
443.00
426.15
433.01
425.77
457.38
422.24
435.34
441.00
444.17
443.44
427.68
433.94
441.66
428.22
440.63
437.16
425.98
450.30
399.32
432.95
439.81
434.96
425.19
414.78
435.04
453.39
420.41
397.53
447.70
411.95
435.14
444.03
446.16
461.15
430.65
454.24
421.79
434.15
424.83
448.53
425.91
446.98
403.37
430.23
446.10
421.08
448.92
447.01
437.42
423.03
430.29
429.03
434.94
430.49
444.96
411.50
434.66
432.15
414.43
438.73
443.51
427.28
435.66
430.51
457.12
430.17
421.10
440.42
427.66
450.27
430.23
422.54
439.92
455.39
455.25
435.42
462.55
421.75
431.42
449.57
409.68
423.42
440.85
442.04
441.36
452.35
430.30
451.76
446.05
449.34
435.22
428.00
455.52
446.00
468.53
469.70
437.44
459.58
437.65
447.94
439.93
438.73
424.98
465.85
398.81
456.61
419.62
427.62
416.96
433.85
450.27
407.12
441.74
424.09
410.26
457.30
436.65
429.35
423.81
407.30
422.55
425.90
430.54
407.91
451.06
433.84
457.81
432.47
422.01
422.17
413.38
453.25
435.80
425.97
434.19
440.75
421.50
444.98
440.14
460.48
430.02
447.04
447.85
439.04
421.15
445.69
455.02
428.78
442.39
457.37
433.20
421.77
456.61
464.74
437.79
421.43
435.76
446.69
446.47
465.43
429.16
431.48
432.22
437.96
455.71
438.67
447.26
412.96
399.51
455.87
446.82
443.48
437.23
456.86
434.53
464.43
430.98
442.66
435.05
429.12
414.14
442.69
452.44
422.74
432.81
427.75
440.48
408.64
451.18
418.86
423.85
433.51
440.95
436.47
443.90
435.93
417.86
441.35
431.92
434.93
441.80
424.89
455.38
417.38
433.34
440.86
437.18
424.34
445.29
403.04
441.35
440.25
446.45
443.34
455.30
448.32
442.05
443.08
415.51
446.23
416.89
447.49
438.34
446.77
413.52
444.89
427.82
434.20
418.71
418.28
430.41
458.44
462.86
429.52
481.40
436.41
420.73
431.84
447.49
416.98
423.79
428.52
444.83
445.82
429.39
452.22
427.39
441.54
450.55
446.34
432.00
408.53
438.53
440.94
447.08
427.91
433.86
414.62
456.09
485.94
438.90
427.25
433.23
451.61
413.02
436.96
432.09
428.09
422.63
433.83
433.05
450.66
432.36
431.66
444.80
433.21
433.99
447.16
429.41
447.55
416.94
420.99
426.37
423.02
431.83
443.81
446.97
450.24
467.43
434.41
454.59
450.07
450.42
448.32
445.72
424.03
436.34
455.13
462.81
451.38
435.16
411.20
478.93
445.85
407.07
433.34
446.47
457.70
421.58
432.04
406.48
442.84
446.91
439.84
454.28
440.53
441.54
426.56
428.43
432.54
432.85
425.62
442.66
432.96
452.74
409.18
453.70
444.09
405.16
435.54
472.62
446.90
456.12
456.21
406.40
437.23
461.99
427.59
426.56
443.96
442.49
442.40
454.43
427.68
430.75
420.19
416.90
454.20
425.22
451.05
438.19
437.32
463.55
423.42
423.51
441.00
430.62
413.85
448.13
437.15
435.11
439.03
443.99
437.91
443.27
425.44
454.77
436.84
439.35
435.70
438.38
439.74
437.79
442.46
429.66
407.95
441.23
429.99
446.20
464.44
448.72
437.84
405.18
417.15
440.32
420.67
447.07
437.87
437.50
445.00
457.37
435.94
475.87
434.71
437.78
431.34
433.27
425.63
421.30
453.88
459.51
436.74
432.56
454.39
456.98
436.37
450.56
451.68
411.97
446.57
408.94
448.09
429.05
441.86
439.20
440.83
445.42
460.75
424.82
438.30
442.70
432.29
446.00
438.74
425.38
437.49
442.46
445.56
436.88
460.06
443.09
442.01
432.14
435.05
424.84
408.48
438.81
436.35
430.83
444.13
436.28
449.53
444.37
420.30
439.73
463.85
430.03
474.08
416.89
439.35
438.50
448.41
449.70
446.17
444.40
434.85
463.04
445.87
442.71
442.69
450.19
445.64
444.78
450.72
433.58
425.77
443.81
439.77
446.80
439.67
447.90
443.30
437.78
439.32
456.35
469.70
433.53
450.01
414.83
427.40
445.10
457.08
472.50
431.99
420.49
445.85
434.85
437.60
425.18
430.90
439.14
433.54
420.95
430.40
459.57
444.39
435.42
403.30
419.76
452.14
439.97
441.12
466.23
448.45
439.70
442.20
415.88
422.62
427.69
431.84
438.08
443.98
439.86
445.11
421.39
460.20
424.86
431.94
439.01
418.28
417.74
405.81
444.58
452.27
431.68
433.15
416.51
411.35
465.69
411.95
439.70
420.57
446.49
460.37
429.73
434.54
435.90
438.53
454.18
463.08
419.27
440.66
443.31
414.31
424.81
442.96
448.97
412.70
426.07
433.96
430.95
448.50
419.35
447.16
426.72
448.18
438.38
447.47
425.39
467.61
432.70
463.49
448.34
421.72
448.48
455.05
431.09
417.96
437.90
456.55
451.57
434.25
461.00
448.93
434.49
425.80
427.37
425.47
426.08
435.49
447.31
449.00
449.05
441.93
444.32
416.13
465.81
443.45
436.32
451.34
453.73
445.80
428.82
437.34
443.12
439.45
430.06
400.94
421.37
456.05
431.57
454.31
445.77
423.74
440.80
472.89
447.28
439.12
439.45
445.36
430.90
428.07
458.72
430.70
443.95
427.80
443.34
433.26
423.30
431.47
461.41
427.25
412.22
462.59
447.54
430.87
450.02
426.14
425.50
447.74
445.21
470.55
424.55
448.17
452.33
404.39
443.31
437.03
408.72
474.41
427.34
422.98
437.10
424.47
408.88
425.16
444.30
454.36
421.43
423.81
436.10
403.65
450.69
436.73
445.24
447.50
437.79
466.16
420.97
406.55
412.44
419.21
458.23
419.07
414.52
444.62
439.38
441.73
414.78
425.86
429.39
425.69
400.38
439.42
452.07
412.80
440.18
428.21
425.96
420.98
446.00
455.34
463.92
448.50
431.28
434.49
440.84
438.32
445.25
437.11
438.42
429.76
440.42
430.90
440.02
470.14
437.12
432.65
413.77
442.09
429.07
437.83
422.76
418.93
437.89
431.52
464.46
443.15
433.25
443.40
430.34
441.69
435.50
420.24
438.24
445.43
442.58
443.49
445.71
443.03
444.74
436.47
448.48
437.20
448.45
427.53
438.97
406.67
458.35
407.05
423.57
455.41
445.58
411.73
399.18
425.50
460.32
421.30
432.21
468.35
458.99
420.32
447.67
449.30
447.39
441.09
416.17
438.68
461.13
422.66
452.33
464.45
427.80
425.73
424.85
437.20
439.53
454.88
425.81
459.23
434.67
413.38
418.93
442.72
430.69
450.72
447.17
435.43
449.65
432.80
468.01
412.75
437.57
419.48
450.33
429.54
455.13
450.67
452.07
449.83
434.56
416.13
451.75
471.31
452.58
437.79
418.01
441.16
430.22
443.01
418.74
441.10
446.31
458.89
432.21
451.93
428.18
446.13
427.51
433.52
442.21
450.70
455.62
436.88
448.02
444.97
446.28
450.69
414.49
463.99
447.09
433.82
433.91
446.42
440.17
441.38
465.61
416.43
417.63
403.99
426.55
442.17
444.42
404.68
441.79
432.59
424.09
449.32
443.08
456.38
424.86
419.74
464.92
433.34
431.06
439.33
443.33
440.72
440.89
417.01
442.84
448.60
421.53
444.72
454.96
432.33
426.27
426.95
421.36
445.20
451.59
436.44
417.30
446.07
447.60
452.58
444.09
428.00
404.24
454.94
454.65
467.66
424.64
446.89
442.03
454.54
419.48
454.14
441.85
431.41
428.13
447.99
439.08
442.96
438.00
438.86
431.17
431.00
442.44
454.03
425.00
442.31
448.57
435.23
436.42
406.49
436.62
440.16
445.38
460.86
410.06
408.42
437.06
437.06
453.05
450.95
427.48
461.59
443.34
438.42
423.85
441.34
417.38
433.86
423.36
446.67
425.68
457.97
432.59
403.95
430.24
419.90
439.00
467.47
436.86
455.30
436.62
447.66
446.80
423.68
425.30
406.78
443.05
429.76
435.38
447.42
399.09
430.66
403.53
431.74
412.09
429.67
443.82
431.92
438.22
425.80
419.49
432.98
438.66
451.11
415.34
457.01
448.73
453.37
401.84
426.03
444.24
421.67
439.50
419.17
437.64
445.02
446.35
422.74
431.64
441.60
457.87
420.87
443.73
443.28
433.98
450.28
432.40
447.95
435.77
449.66
411.03
456.13
442.62
441.54
441.83
413.07
462.30
431.05
409.76
475.82
439.88
426.65
441.21
452.52
429.82
448.78
429.36
420.39
444.07
429.90
425.27
432.27
426.04
463.82
438.59
429.25
435.19
439.01
409.83
430.61
451.90
443.24
434.25
430.41
437.69
439.49
434.65
434.85
445.54
445.18
454.69
430.81
419.60
439.30
409.87
447.98
419.15
441.76
410.49
430.29
458.29
446.91
442.76
435.11
439.83
431.87
432.99
414.70
410.03
415.10
456.73
410.77
438.95
414.41
455.81
465.20
410.32
425.14
413.03
403.81
435.01
413.87
424.00
417.51
466.47
440.13
468.49
467.71
433.24
411.71
425.14
474.29
425.07
448.20
450.25
459.04
424.33
421.91
418.23
439.68
439.75
420.61
442.42
418.17
442.60
412.87
458.53
454.35
440.46
396.27
435.61
446.57
423.88
418.60
436.88
424.51
429.98
423.08
425.84
429.36
439.09
449.99
429.69
427.37
429.47
415.90
437.13
439.89
419.05
432.88
461.94
408.41
448.66
430.35
440.99
438.91
454.16
448.82
428.34
409.54
453.82
427.68
427.61
438.59
431.30
423.08
443.42
411.58
421.80
421.54
449.07
426.31
442.39
440.94
396.26
453.77
420.76
426.49
441.80
428.80
440.95
418.58
462.10
449.87
420.08
424.93
413.31
449.92
452.54
445.26
453.54
420.91
437.80
413.69
424.26
440.23
428.50
416.91
448.87
402.81
443.35
402.59
411.15
448.73
462.01
417.40
434.81
438.37
418.09
432.89
453.49
432.20
408.47
411.35
450.61
418.85
418.60
454.78
450.20
448.93
433.67
441.29
417.23
429.89
448.57
434.70
434.66
442.64
430.35
396.69
453.28
463.75
449.46
441.68
451.56
449.62
442.73
447.70
439.30
428.12
449.15
442.61
453.20
437.45
428.85
433.00
427.47
456.61
431.28
441.90
416.43
442.83
450.11
453.67
423.03
438.99
450.68
431.88
409.85
440.96
438.58
430.19
436.35
447.17
436.16
418.27
453.20
458.69
418.79
415.27
444.74
443.25
473.54
434.41
418.59
425.32
457.59
450.63
416.63
454.17
428.52
449.05
421.47
445.68
410.47
443.12
433.16
459.16
441.00
467.39
446.99
440.63
438.67
448.93
432.59
448.21
424.97
406.93
443.43
418.68
427.34
429.31
441.68
422.69
417.53
450.14
460.15
403.65
441.52
426.03
446.00
457.97
438.44
437.94
424.27
454.88
444.24
430.27
458.94
426.58
419.90
425.00
446.54
435.67
425.46
453.12
460.75
464.34
449.84
439.28
434.92
459.56
411.41
428.79
443.82
435.70
433.06
434.14
407.02
428.55
431.15
419.15
433.67
461.23
458.77
427.91
444.25
462.43
437.32
441.77
436.24
452.49
429.94
431.90
419.47
432.79
433.50
447.71
418.95
429.65
422.41
417.88
433.34
435.20
462.42
439.60
438.65
431.04
435.90
435.68
447.80
434.07
432.76
438.09
462.65
438.73
438.83
440.91
453.79
455.74
459.64
406.90
439.09
445.02
433.73
442.43
423.03
421.45
452.43
428.28
445.08
427.47
443.67
450.30
471.57
436.83
418.40
431.16
467.49
422.15
421.43
467.27
445.53
436.25
447.08
437.55
447.41
443.43
439.89
444.20
448.97
428.95
428.55
441.48
455.49
417.81
471.82
457.71
441.97
429.06
444.34
449.27
431.44
439.64
409.94
436.63
473.94
434.54
434.45
435.78
462.08
430.52
427.50
418.72
445.20
466.80
434.76
467.66
468.88
447.65
440.97
447.08
406.51
428.38
454.88
453.08
438.54
439.56
436.04
422.63
446.72
432.76
424.67
436.67
426.53
453.35
434.24
436.84
427.37
430.53
432.47
441.07
444.44
444.05
463.69
440.92
423.39
443.26
447.13
429.58
449.73
413.70
456.00
406.84
437.91
442.04
422.56
443.61
448.13
416.92
463.64
436.73
438.89
429.96
441.71
436.28
470.14
412.49
451.04
439.06
443.18
433.61
426.85
457.72
461.29
394.43
432.49
420.05
428.72
440.35
457.34
430.90
426.88
434.67
460.53
437.73
444.79
418.17
427.30
423.60
431.06
435.97
428.09
457.74
442.13
429.09
416.07
424.70
426.16
433.59
449.99
428.36
452.93
412.32
460.69
432.63
434.47
441.15
422.21
446.66
433.78
434.33
441.30
441.35
451.89
420.67
405.56
407.19
428.48
434.41
431.69
444.10
455.00
435.77
419.62
456.78
421.75
434.00
443.18
430.71
458.64
406.94
441.05
440.61
429.57
433.65
452.09
457.54
449.18
440.21
449.44
443.49
453.80
441.32
413.00
433.80
434.97
428.36
415.61
456.22
429.85
482.32
461.77
424.80
428.47
446.59
417.14
382.26
449.30
423.94
462.09
455.85
423.05
426.54
449.01
466.34
418.17
455.17
439.90
449.88
463.08
432.38
444.89
407.64
439.74
415.28
431.00
444.29
415.12
449.73
414.56
456.79
451.68
446.34
436.27
432.43
443.53
430.92
435.63
467.46
421.26
436.75
451.87
423.17
441.57
423.56
424.39
437.89
440.60
444.71
432.83
463.69
443.56
455.30
449.75
429.35
410.24
447.19
418.57
435.34
432.87
461.29
424.25
443.55
438.77
438.20
444.05
439.84
441.71
424.52
454.37
458.79
457.28
410.36
462.99
445.13
439.48
434.72
417.83
412.25
426.77
457.22
421.41
421.20
446.62
431.09
436.90
447.56
435.70
455.17
439.73
434.09
452.79
455.08
469.33
431.38
437.92
426.48
448.07
461.68
436.92
425.95
421.03
432.09
429.97
456.94
415.39
434.50
421.64
440.17
435.95
437.24
460.99
457.67
451.77
455.04
449.15
447.05
436.36
444.14
439.27
461.01
438.71
416.22
419.53
432.71
424.78
428.59
430.63
441.82
449.19
431.03
415.69
413.16
417.18
444.50
415.22
416.77
443.76
411.07
421.36
446.07
423.90
424.49
426.29
432.73
468.15
445.34
425.28
430.49
424.88
418.06
441.99
457.52
442.62
433.36
426.00
416.26
416.59
452.23
448.60
452.42
414.27
417.29
407.81
457.29
448.16
441.49
440.73
462.06
414.55
426.94
418.54
443.98
419.09
440.31
442.70
442.16
429.89
421.67
440.80
409.69
448.29
423.56
435.21
443.00
438.90
457.54
436.39
443.86
435.77
449.70
422.76
452.27
428.83
434.13
449.02
430.36
448.63
430.28
435.82
447.67
411.88
433.32
416.58
412.64
444.33
440.15
447.83
427.32
440.89
450.70
459.22
423.82
451.96
406.32
425.58
453.49
423.20
429.15
427.85
422.45
458.68
433.34
451.11
431.13
440.30
409.12
437.45
437.75
418.45
446.70
430.97
430.67
412.94
466.34
445.56
447.54
401.93
434.73
449.93
459.09
454.93
439.63
409.14
461.20
460.49
431.64
449.77
415.52
435.33
433.31
454.70
409.37
441.06
462.60
426.70
453.36
442.37
425.23
458.31
433.74
435.81
421.07
435.44
401.71
418.04
427.60
452.62
423.99
419.05
426.05
425.40
435.41
430.73
437.44
441.91
437.78
423.05
431.22
437.38
444.99
444.74
406.03
453.00
449.37
426.52
449.37
442.94
427.59
443.06
452.63
436.91
441.18
402.55
459.21
424.31
443.69
446.12
431.83
447.42
432.15
426.72
434.26
437.81
440.11
453.05
419.03
427.86
459.73
434.37
445.87
465.10
456.99
419.90
419.48
433.17
445.37
438.09
436.52
424.09
431.57
424.28
441.81
428.75
449.84
428.33
463.24
437.88
455.97
448.70
437.84
442.10
453.64
458.89
417.24
438.48
426.48
459.06
424.77
429.46
421.41
417.93
453.13
444.89
430.16
441.68
451.80
417.86
442.01
457.58
410.56
445.10
444.96
426.07
430.67
415.63
451.79
420.68
424.78
442.56
442.73
413.26
411.00
423.89
414.82
449.86
471.93
422.62
450.40
429.96
408.97
429.73
439.20
460.42
450.65
428.44
428.47
454.13
464.07
432.73
420.77
440.13
445.04
417.48
427.63
426.97
410.53
432.46
424.56
420.94
432.61
451.79
414.61
437.20
420.21
448.32
436.12
443.61
432.16
432.47
425.28
430.23
436.89
423.51
459.12
435.42
413.20
440.56
434.76
447.46
427.33
448.35
441.49
448.71
434.63
453.17
436.42
432.25
450.88
447.65
407.35
423.59
424.85
442.37
468.34
426.41
439.85
449.26
455.66
412.51
442.01
443.00
446.52
434.90
421.75
449.22
440.07
427.55
433.07
444.39
464.30
428.37
462.01
424.85
421.19
435.08
420.09
440.48
440.25
428.44
422.67
422.73
433.13
425.86
453.04
439.07
452.22
436.41
436.75
467.11
420.84
441.65
419.11
424.32
456.14
439.94
453.36
433.54
423.40
453.48
444.16
427.22
435.50
433.74
413.94
424.26
445.17
426.49
443.79
434.65
444.54
442.64
449.01
413.78
430.35
420.52
445.51
433.59
454.08
447.75
452.61
446.37
431.55
442.16
440.78
423.14
416.40
459.86
419.00
438.54
425.72
432.84
436.78
408.13
437.79
404.06
443.47
450.12
449.72
432.44
420.85
429.58
449.21
430.42
407.45
452.95
412.06
410.00
447.89
431.99
415.71
410.77
440.09
423.42
430.89
411.93
424.05
435.27
447.85
439.41
431.09
422.30
420.65
433.23
434.87
449.49
418.56
452.72
442.82
419.44
431.07
416.02
410.57
422.75
425.17
423.32
447.79
450.03
427.41
403.39
469.75
441.19
435.54
429.83
432.00
416.52
436.75
444.53
438.78
430.50
464.77
431.81
446.89
411.58
446.75
451.74
435.83
437.86
447.87
446.33
431.60
416.68
443.39
458.70
435.49
433.73
435.69
446.24
424.30
420.29
421.48
440.86
442.15
435.52
440.95
441.81
419.82
437.23
433.58
464.66
477.15
440.96
446.03
446.14
435.26
440.09
427.15
442.26
443.37
445.04
444.04
414.62
412.34
430.84
448.72
420.48
436.56
440.22
418.44
434.89
455.91
438.55
439.86
446.44
416.40
441.84
447.61
442.41
437.43
435.38
433.20
426.81
446.45
433.84
457.64
443.88
459.54
455.56
453.13
424.50
422.62
444.54
431.01
408.68
432.41
399.35
433.06
424.33
433.29
462.39
466.18
432.48
426.45
451.28
416.83
436.77
420.38
433.55
460.12
452.34
447.03
450.93
467.49
441.26
450.86
458.45
451.51
438.92
474.02
439.91
437.69
435.03
433.31
451.60
424.01
433.00
444.35
430.68
439.82
430.17
451.80
408.85
441.34
439.03
427.58
414.37
423.50
419.86
436.24
426.30
449.91
434.10
440.46
442.47
442.23
474.49
455.01
442.79
442.06
437.24
455.66
441.90
437.89
448.74
450.08
450.30
450.32
424.40
443.58
453.75
427.58
430.66
420.34
450.33
459.50
452.04
430.16
420.08
414.18
426.57
437.46
442.84
429.17
449.66
430.88
458.12
451.28
443.19
454.60
458.56
459.47
415.59
451.50
449.65
437.95
437.38
446.35
436.86
457.66
444.49
419.12
434.01
449.78
403.94
426.72
439.72
470.90
431.18
459.80
436.36
425.77
428.77
473.55
430.30
440.43
424.87
401.63
424.81
433.38
412.85
437.53
428.36
447.00
431.59
411.04
453.66
433.46
437.18
421.78
448.97
457.49
419.90
432.96
446.11
442.88
445.15
442.44
424.35
440.00
432.05
445.57
442.56
432.50
440.67
425.33
424.76
423.23
427.88
457.82
411.61
426.95
445.17
434.73
411.46
436.51
442.60
408.04
442.00
448.66
444.24
449.05
426.16
449.12
430.91
445.00
439.06
433.68
419.60
454.48
445.81
454.58
448.94
456.04
414.34
413.24
448.21
461.69
422.80
423.48
425.60
446.11
464.64
438.59
431.21
453.98
442.34
437.14
424.36
423.68
457.71
441.07
444.69
439.26
428.41
438.15
447.85
429.08
443.36
445.42
432.19
435.22
446.49
431.51
422.84
424.08
435.36
430.12
456.65
432.45
413.18
442.88
464.38
472.52
449.89
419.40
428.40
434.33
435.36
431.15
437.90
433.05
429.26
454.07
438.56
446.80
451.76
415.45
441.10
447.92
412.35
438.45
455.35
424.22
466.66
403.39
462.00
432.63
433.07
434.15
440.55
419.65
420.76
446.44
460.14
448.18
428.12
429.05
438.22
445.53
430.36
442.75
459.28
448.28
420.34
441.76
464.96
432.15
434.03
431.04
447.41
447.64
460.91
414.68
420.04
437.45
449.39
423.80
418.20
443.18
415.18
423.60
425.38
451.22
398.92
439.93
439.39
443.03
442.37
438.98
421.45
444.23
450.89
440.95
424.35
434.74
411.96
446.27
427.74
443.97
428.50
462.01
425.05
449.47
459.43
435.83
437.23
422.76
445.62
437.37
410.09
426.30
448.91
428.13
462.41
403.23
420.25
410.02
466.31
438.25
442.46
423.58
412.45
443.27
429.74
434.94
426.88
419.10
412.45
442.88
435.90
442.03
452.39
425.37
435.82
449.12
442.06
433.00
421.88
429.56
414.46
430.36
430.07
428.58
424.66
464.48
410.57
435.87
451.91
421.53
436.18
433.60
432.76
446.15
417.21
434.45
436.04
459.91
396.56
429.31
439.16
421.49
431.53
433.69
417.73
424.97
431.63
443.24
442.63
448.14
462.93
430.91
432.46
464.78
434.71
426.68
419.59
455.75
443.01
433.04
446.17
431.61
460.04
423.38
449.99
432.42
415.93
438.74
422.10
419.59
453.33
429.99
439.59
440.10
435.69
433.55
434.09
422.74
445.26
439.05
427.05
433.97
438.26
424.02
425.15
431.93
432.16
444.34
442.42
424.43
431.26
445.49
428.62
434.79
439.23
405.17
440.24
441.80
413.89
424.44
444.22
431.28
447.29
438.14
444.45
441.58
424.84
417.95
414.06
456.19
465.08
410.83
438.12
427.68
472.81
433.54
460.46
461.60
415.00
418.12
446.39
421.25
435.17
405.68
429.38
397.69
448.31
430.51
416.10
447.75
418.64
429.49
443.72
442.62
433.56
443.37
430.99
456.33
441.43
431.36
448.74
438.04
448.70
440.03
451.24
420.28
463.20
434.89
448.93
423.65
447.60
441.98
424.83
436.20
432.42
467.98
428.40
428.25
441.12
449.47
443.69
421.13
453.44
453.07
441.29
450.82
444.91
415.30
433.12
438.83
463.09
435.36
435.26
452.77
451.57
440.01
428.12
431.42
413.85
448.00
421.07
441.24
447.73
451.33
456.43
419.85
410.93
418.21
420.10
420.62
443.67
464.83
440.60
420.43
401.29
428.02
418.39
457.05
464.08
418.68
434.81
421.31
445.83
431.54
428.41
432.06
457.83
425.03
439.81
428.95
449.62
443.82
457.16
467.18
410.96
424.51
443.36
422.10
419.41
445.57
424.93
401.67
444.01
436.46
428.57
449.43
414.89
450.03
437.34
435.44
438.48
444.93
437.87
436.52
430.74
454.70
429.46
441.19
444.34
440.86
403.65
436.14
408.90
437.68
462.37
436.07
450.18
443.32
420.98
450.98
425.92
434.16
436.69
435.90
428.92
429.38
440.01
457.92
459.91
447.75
454.44
443.78
452.54
443.29
461.53
444.80
430.92
454.35
424.56
434.59
442.15
446.34
438.18
442.55
452.61
414.85
442.21
433.36
415.77
416.25
411.54
447.51
441.19
436.58
432.11
436.87
444.94
412.77
457.15
446.92
454.11
442.08
443.94
455.90
435.17
450.41
431.16
453.68
440.54
441.86
461.32
458.29
430.95
430.72
422.00
450.10
430.31
448.20
452.63
420.16
437.02
439.70
435.14
428.55
434.24
453.95
436.40
458.27
441.31
453.48
440.95
441.48
446.75
421.41
441.70
450.78
438.58
432.66
433.98
438.51
466.60
450.42
459.17
406.62
425.87
424.47
431.33
409.34
427.57
441.95
442.14
445.45
467.02
441.68
449.64
427.25
433.44
436.54
441.49
445.64
413.53
457.02
453.64
438.41
435.14
417.53
433.76
423.05
456.56
438.55
454.83
396.84
446.33
432.26
446.39
432.84
436.72
427.37
431.68
442.23
422.85
445.92
452.15
451.68
439.58
433.78
442.85
430.12
425.03
429.18
416.28
437.82
436.90
432.97
409.42
415.22
462.96
445.54
434.20
422.04
420.37
436.15
452.09
429.34
447.87
460.51
428.42
481.99
391.05
420.17
454.15
436.25
437.00
425.21
409.77
430.48
437.35
457.12
437.99
453.94
432.02
415.24
437.69
413.94
423.39
446.74
388.74
419.90
441.27
447.86
423.04
429.95
460.96
421.09
442.60
455.72
419.47
419.88
452.35
409.59
431.98
446.36
473.10
447.36
451.48
446.71
447.68
453.32
438.36
423.03
442.87
430.83
449.22
440.67
435.11
436.51
460.07
458.73
428.83
434.16
456.33
433.44
444.07
454.62
438.50
434.98
437.39
448.82
423.97
434.42
449.91
459.06
429.01
446.62
420.37
456.35
442.20
448.52
452.57
417.82
448.75
418.93
439.10
433.92
429.26
446.80
405.04
461.54
432.79
429.41
415.59
421.66
428.07
428.90
446.14
418.51
456.13
414.93
413.78
427.40
427.81
430.27
437.18
452.32
423.45
398.25
440.32
435.47
436.67
440.77
474.65
449.79
455.86
460.85
426.31
430.81
412.86
436.91
444.92
470.01
454.75
445.30
435.11
446.48
446.69
427.33
451.13
450.17
443.51
403.09
460.79
458.54
412.16
434.32
440.76
411.55
431.23
451.03
399.34
435.46
460.57
443.49
462.34
450.77
429.30
431.63
410.84
437.03
435.13
408.48
416.71
432.45
431.09
442.05
463.88
422.54
442.19
433.71
442.26
444.92
441.22
432.81
443.74
435.06
437.81
423.89
440.20
442.08
434.59
434.13
422.89
449.88
451.95
434.28
424.18
469.14
446.57
444.85
447.96
452.59
443.77
445.43
422.90
441.17
445.79
409.61
428.87
433.93
431.77
415.41
436.33
437.24
431.32
451.59
442.73
416.07
459.27
439.66
403.48
452.31
426.28
434.79
421.36
437.44
418.54
423.70
442.11
410.87
438.36
444.83
432.33
447.61
443.68
453.66
436.04
440.49
439.50
441.92
436.27
449.31
438.35
439.94
426.04
446.86
427.21
443.61
400.49
449.29
431.12
426.19
426.80
418.98
417.43
438.84
439.38
437.82
418.51
457.42
431.35
439.80
461.59
444.48
433.06
438.77
436.84
423.77
422.64
478.85
443.79
442.40
436.69
435.38
426.44
436.20
414.73
474.44
418.29
422.93
436.80
460.31
415.81
440.63
426.16
423.48
441.85
422.47
448.43
443.34
434.72
424.32
458.42
455.98
435.69
431.98
443.50
449.13
447.03
455.69
439.57
436.83
431.26
433.11
436.29
445.27
475.93
440.98
444.60
433.80
466.06
441.52
439.22
445.32
432.36
411.63
435.70
458.06
423.52
444.75
445.14
427.95
432.47
425.44
438.00
435.22
451.39
428.41
455.36
445.42
426.09
433.81
460.32
417.76
444.99
434.07
408.68
424.87
448.76
465.54
444.60
432.73
425.59
436.19
453.47
446.83
455.37
426.86
446.15
426.49
427.24
423.78
434.48
443.29
433.72
456.08
432.79
419.74
417.84
439.87
455.54
444.30
461.21
420.56
446.96
436.34
440.25
438.40
417.74
456.22
413.54
427.61
452.08
436.52
439.37
439.83
427.86
415.07
439.62
449.32
458.05
467.13
443.98
458.33
461.26
458.05
428.38
415.86
471.10
429.92
470.19
451.81
460.63
451.25
445.95
422.60
430.36
428.89
434.47
443.65
437.69
417.72
424.92
461.84
437.70
427.10
443.91
444.94
441.72
434.37
411.45
418.98
441.20
446.08
435.63
451.05
403.68
433.33
410.59
456.31
432.43
487.72
423.02
441.94
410.46
458.90
409.93
432.86
458.21
440.11
441.20
426.39
440.27
442.83
428.81
401.19
442.20
436.68
423.13
432.79
418.24
434.76
425.60
431.15
446.28
439.14
438.61
473.09
438.15
418.85
423.44
423.76
436.35
434.58
440.97
433.09
457.74
433.47
438.51
444.44
435.64
430.29
442.99
418.02
424.07
425.82
431.98
422.59
429.98
406.33
445.94
436.57
445.98
422.08
446.23
441.96
446.38
442.74
438.23
433.68
466.62
440.47
424.70
411.34
432.89
433.15
420.70
426.76
446.81
424.60
457.05
436.08
442.13
433.68
461.94
448.29
442.32
441.05
433.60
431.79
404.51
437.20
453.41
451.97
432.79
454.20
438.07
415.03
427.60
462.38
439.93
447.79
428.30
450.38
453.51
435.57
437.53
420.58
429.03
450.18
438.33
440.60
459.94
456.27
460.11
438.59
430.19
454.30
452.98
434.80
460.95
450.16
468.85
432.23
461.51
435.15
431.98
430.85
435.01
439.26
449.50
432.07
430.81
416.34
420.93
429.00
462.99
439.86
454.40
425.40
436.30
408.36
436.03
444.94
436.98
427.14
424.21
437.25
440.02
408.93
448.01
461.86
421.14
425.55
440.85
444.64
437.46
435.48
456.28
431.27
427.50
468.89
461.67
408.69
461.28
452.76
451.60
435.65
424.76
459.59
474.81
451.35
439.26
437.77
443.95
410.66
419.83
427.62
410.66
424.85
455.10
472.44
472.03
440.08
470.28
404.60
424.08
446.76
422.07
417.53
416.38
453.17
445.49
466.40
429.67
429.41
475.81
444.92
448.72
428.44
474.71
427.02
477.84
462.96
430.57
441.75
431.04
429.45
462.69
442.73
461.14
422.69
452.48
420.35
440.47
441.82
432.52
407.99
457.52
426.40
451.50
451.06
441.40
465.36
425.18
453.42
448.18
421.90
453.14
451.61
437.80
429.77
422.10
414.93
440.71
448.98
442.82
452.11
441.81
440.04
416.42
416.56
440.11
447.66
444.35
445.29
448.87
435.90
445.81
461.98
408.81
435.05
425.90
431.02
437.73
448.63
446.62
433.18
425.58
424.06
431.86
467.94
451.34
433.81
433.77
457.90
438.46
442.82
449.99
473.17
456.57
434.37
433.61
431.30
432.13
444.55
426.34
437.32
453.95
424.29
446.15
430.29
436.02
419.77
438.30
448.09
468.60
415.81
427.33
440.89
467.02
435.81
434.51
429.00
450.97
426.94
453.25
465.46
414.62
429.11
435.36
465.78
437.39
420.59
440.97
424.61
437.25
421.06
416.64
447.53
437.56
434.75
426.54
450.24
428.80
431.91
425.64
453.93
465.11
432.39
421.76
422.41
423.79
419.93
456.34
419.16
448.55
449.78
444.29
443.89
444.89
433.88
452.45
458.09
446.97
422.21
433.47
444.72
451.24
462.26
426.98
449.47
427.43
411.75
418.11
407.61
433.73
462.03
424.18
445.82
423.19
411.50
463.58
425.81
405.84
398.57
425.82
420.65
438.29
417.11
426.04
419.38
437.70
446.72
461.17
421.85
431.21
424.47
445.45
430.22
441.94
469.51
427.31
418.87
434.32
424.85
425.95
462.22
442.00
445.97
431.15
407.66
451.72
432.85
433.39
416.18
445.15
458.95
443.75
446.19
422.33
452.81
418.31
467.73
449.04
445.30
457.38
445.70
441.11
453.47
453.10
413.43
429.68
426.50
448.96
419.19
451.72
438.74
458.58
435.68
391.05
440.62
445.03
448.40
434.29
436.53
446.29
444.09
449.11
456.42
455.26
448.00
431.60
442.35
419.03
412.78
425.42
432.26
430.99
458.02
427.05
462.49
454.25
445.98
438.83
419.33
444.84
433.37
462.37
422.69
432.15
431.41
433.71
428.26
460.16
440.18
415.35
457.77
437.88
446.60
456.51
410.33
443.96
430.90
455.86
436.92
416.70
470.34
439.50
459.20
430.80
437.50
458.96
461.92
431.51
436.34
452.33
441.39
450.44
439.19
465.95
428.79
478.17
465.20
421.51
444.94
444.00
447.10
432.81
430.85
411.75
412.53
431.81
421.71
448.85
436.77
445.75
478.91
440.56
426.94
422.38
445.30
444.82
439.65
452.37
436.56
436.96
419.58
431.54
427.48
430.55
427.08
436.31
439.73
429.91
424.20
430.87
434.88
442.92
426.94
448.35
421.73
469.10
440.75
404.11
421.66
455.18
445.70
409.87
451.45
445.13
448.49
421.87
449.25
454.82
435.82
439.62
449.36
444.64
457.23
395.53
433.16
443.79
444.93
431.31
469.25
416.01
429.51
459.72
444.62
417.11
422.46
435.33
459.22
444.17
429.22
424.83
427.46
422.87
451.57
437.30
422.42
439.89
441.86
445.89
472.46
442.47
451.46
445.81
434.51
451.20
443.84
435.63
420.92
433.89
414.49
434.53
404.61
411.75
461.01
462.05
440.11
452.02
420.73
414.27
455.11
417.47
454.30
437.82
443.91
443.94
435.33
431.22
436.23
454.48
440.61
426.18
424.86
423.25
441.46
462.29
450.14
468.55
426.53
441.63
447.00
445.39
422.57
435.80
431.70
428.89
437.69
464.73
423.92
439.41
447.80
430.69
434.97
409.85
442.39
458.13
432.76
434.69
455.58
445.46
455.01
447.71
432.37
430.94
428.17
414.89
411.36
447.67
430.15
439.00
424.68
388.52
441.84
423.73
432.86
425.95
417.74
441.17
449.06
434.31
432.74
433.51
443.39
444.04
409.36
428.47
425.00
451.99
443.01
438.27
424.30
414.57
441.31
422.39
439.90
429.41
441.27
427.73
418.63
433.13
426.15
437.20
443.90
453.33
447.01
438.75
426.34
431.87
448.73
423.46
428.92
426.77
439.73
456.15
435.55
453.24
452.07
419.72
428.90
413.52
467.39
421.37
443.55
425.25
424.51
411.60
413.97
422.28
426.14
418.22
414.83
440.03
398.88
417.48
436.97
414.77
442.29
446.12
431.16
460.74
428.74
438.64
457.01
423.19
428.70
453.62
458.55
454.63
443.64
422.12
437.70
434.91
402.31
439.52
458.66
425.43
459.95
426.29
471.06
426.44
409.43
418.52
445.69
437.06
428.35
450.13
436.70
436.69
410.18
453.31
442.27
414.83
412.30
431.97
445.41
450.21
424.68
434.22
443.54
430.25
446.59
423.03
425.59
410.59
441.59
440.76
456.29
442.06
419.21
439.64
463.01
445.44
432.72
431.72
434.86
422.75
420.11
458.39
441.73
440.39
455.83
426.38
444.75
417.24
468.08
431.49
417.87
427.00
443.56
451.76
427.42
430.98
444.97
443.77
426.42
472.67
447.24
441.53
437.05
462.32
436.40
478.33
435.35
418.56
441.43
435.74
422.44
435.64
464.67
446.56
431.76
460.35
439.97
457.44
428.21
462.51
418.99
430.82
461.29
423.78
433.68
428.68
457.77
440.24
441.28
438.92
438.95
451.31
439.38
426.62
446.39
441.28
426.31
452.26
408.67
439.22
432.77
421.01
453.10
427.70
427.56
448.27
422.45
432.94
435.72
455.74
432.65
409.37
422.81
462.21
409.88
432.62
427.58
428.73
433.09
432.87
433.99
412.62
432.43
435.82
433.58
438.45
436.04
446.37
422.59
439.71
467.72
421.07
431.74
451.01
435.92
410.18
433.44
440.65
430.72
458.36
377.56
439.78
427.25
433.60
399.78
444.30
423.76
426.17
442.62
416.71
433.26
428.06
440.63
410.46
472.93
423.53
453.62
429.52
451.91
435.96
410.70
448.24
415.85
441.21
440.25
434.41
420.74
420.34
432.18
438.89
415.56
430.63
433.70
449.37
487.71
445.11
437.11
434.88
444.38
451.11
441.17
438.21
442.78
426.43
431.64
434.86
437.21
445.29
421.66
439.63
425.29
438.39
439.02
430.39
461.02
430.07
435.31
441.11
422.90
423.06
445.54
431.93
454.51
432.77
403.55
437.92
433.22
429.15
437.28
437.83
458.88
449.93
434.90
455.73
420.72
434.95
431.82
425.01
425.22
434.18
438.68
450.98
419.55
444.48
423.27
452.07
403.68
475.93
440.82
441.00
437.94
415.45
403.13
450.50
430.67
457.56
443.78
409.43
433.45
434.57
425.82
431.19
424.40
426.89
421.19
447.40
435.81
447.28
454.41
442.64
422.20
445.32
437.80
427.66
420.17
444.40
450.68
460.51
443.26
408.58
438.60
429.69
456.51
425.33
437.94
436.01
437.75
430.50
423.52
439.72
409.09
436.29
428.20
444.90
443.03
450.05
423.51
453.07
391.68
435.93
440.54
433.99
463.18
433.09
447.70
450.70
454.04
423.07
415.09
431.72
430.06
448.43
422.08
427.72
437.38
444.72
433.65
427.72
434.80
436.25
439.15
432.03
421.36
450.22
427.78
447.50
450.22
454.19
429.04
431.62
410.23
429.57
459.01
427.75
444.92
407.61
444.17
424.00
432.93
433.73
462.95
450.97
441.72
441.13
449.06
458.48
424.49
425.59
467.82
439.31
439.64
419.94
433.01
433.56
423.25
427.26
405.64
460.56
441.22
457.16
405.69
446.38
440.34
452.78
410.59
461.26
446.42
445.59
415.75
435.78
426.75
462.46
434.07
436.11
452.14
424.84
433.16
439.94
440.75
425.44
422.09
445.93
431.67
452.56
419.17
439.17
420.65
424.63
439.38
455.40
422.60
425.50
417.50
411.76
421.30
417.06
466.02
439.31
448.01
436.78
432.98
458.39
435.95
425.58
443.47
429.65
425.74
413.16
419.11
442.51
450.90
429.30
404.97
427.51
447.60
443.69
421.44
446.94
438.63
442.72
424.86
439.76
445.59
453.19
436.50
467.00
414.08
405.68
422.91
409.47
463.05
433.10
441.14
427.36
450.16
417.77
448.11
423.88
462.87
468.18
424.70
429.09
433.59
434.01
428.18
436.99
463.51
455.83
434.51
452.72
438.93
438.36
444.52
409.54
447.51
421.97
418.24
430.73
438.70
447.65
443.65
465.63
455.34
445.96
440.60
429.66
452.03
434.30
438.70
447.05
426.50
440.19
445.77
430.44
446.81
437.18
419.26
442.77
440.12
458.68
445.29
450.64
424.71
446.74
439.91
438.83
464.25
434.56
445.12
428.82
442.15
429.96
440.35
435.11
461.96
424.09
447.61
434.68
442.81
446.03
432.31
407.81
417.78
444.22
447.76
467.03
437.78
450.93
451.27
452.36
440.86
416.96
439.71
438.21
433.56
460.98
420.42
419.65
438.84
455.91
439.96
447.43
439.87
438.22
416.68
427.05
418.18
457.15
439.83
430.72
437.41
443.26
444.64
464.67
421.58
430.59
451.80
443.93
426.14
405.14
416.25
441.80
419.49
442.54
450.69
457.08
418.10
418.17
404.55
426.11
426.54
448.13
423.98
437.25
471.70
431.31
435.16
439.32
434.87
426.96
451.63
412.04
466.86
417.17
426.38
425.72
409.26
453.14
430.37
442.16
415.33
445.25
442.95
459.06
446.02
472.73
422.81
407.26
442.92
444.72
439.99
414.73
459.81
452.98
440.40
438.14
447.42
452.80
417.89
454.24
447.42
427.40
433.42
427.21
470.30
440.99
438.22
424.55
435.80
411.73
440.60
445.92
449.30
428.09
430.27
427.91
420.56
442.41
443.16
444.62
444.41
439.45
448.85
433.56
452.22
416.16
439.24
462.71
417.49
456.95
451.50
435.58
417.45
451.12
427.91
433.67
431.08
437.93
462.02
435.33
404.21
421.47
447.76
430.32
462.80
429.95
459.06
433.74
423.64
443.84
456.91
422.62
440.27
442.63
444.03
436.05
418.06
452.00
443.33
456.77
447.93
425.90
440.65
447.92
461.97
430.59
451.22
459.49
424.74
408.56
435.12
427.08
449.02
453.62
427.79
456.87
431.21
427.57
435.39
443.03
431.13
458.56
422.06
422.97
455.78
417.78
450.05
422.06
424.91
441.68
446.32
438.65
431.49
443.83
441.75
439.57
441.89
422.50
441.14
433.87
397.41
436.56
465.26
458.32
461.67
440.38
436.51
441.47
430.46
441.50
461.79
413.54
448.27
427.48
462.41
430.60
434.56
440.47
441.71
444.32
418.18
432.72
485.02
417.16
451.44
417.46
415.77
464.26
450.62
449.76
415.05
443.75
434.95
436.53
408.78
420.99
452.49
432.09
425.39
436.25
438.37
416.72
432.86
438.67
461.80
437.48
449.50
429.57
415.51
459.11
433.62
418.01
426.49
436.04
428.39
424.79
451.62
434.60
457.88
434.03
417.22
439.42
458.30
403.55
448.09
424.90
438.30
444.73
439.83
430.05
455.60
442.63
416.87
447.41
457.97
426.53
422.42
436.25
434.42
454.23
450.80
455.28
451.28
412.04
438.17
440.82
441.11
426.20
441.42
437.97
433.20
428.89
420.54
436.22
451.16
438.57
419.07
429.61
429.40
413.59
424.76
444.50
413.82
451.86
452.85
434.37
454.61
444.61
433.22
452.33
457.61
441.16
418.64
429.58
423.36
434.03
430.96
426.77
486.03
455.42
436.67
443.35
426.90
442.35
450.63
436.78
432.41
440.05
440.30
442.76
443.87
415.51
441.70
470.85
428.35
409.59
436.16
443.46
433.94
429.55
392.69
421.53
415.27
402.65
444.35
452.95
444.51
408.84
423.35
465.40
431.89
434.66
420.36
464.15
437.02
448.84
459.32
460.07
442.11
459.75
421.78
414.52
445.83
416.39
435.95
460.28
431.50
444.75
418.53
434.08
438.44
438.04
464.62
438.52
430.25
444.98
428.15
444.33
433.91
486.03
463.45
428.92
446.80
413.61
438.63
419.68
442.88
453.74
440.15
420.85
456.10
456.01
462.93
426.77
447.66
421.00
422.10
456.13
439.92
427.49
460.75
441.49
424.73
444.53
419.34
438.03
425.24
443.22
416.04
438.35
449.85
456.83
440.60
426.80
464.09
428.90
431.73
446.80
445.14
430.41
429.60
449.11
401.02
441.11
425.25
436.01
432.26
454.55
431.27
424.55
429.90
459.23
419.26
426.69
433.52
434.72
418.80
430.58
470.81
432.27
416.00
430.59
462.87
436.29
433.87
447.32
433.31
424.07
431.78
456.04
442.83
436.44
431.88
415.54
417.99
425.13
445.90
454.58
430.22
437.28
431.68
440.40
435.16
411.03
429.70
426.42
450.75
452.85
423.90
442.51
423.13
421.94
430.85
436.55
449.21
429.39
469.53
443.18
410.86
424.76
445.24
448.11
434.95
424.37
438.34
406.92
451.48
436.31
414.26
415.82
448.09
452.72
462.20
449.81
409.96
444.87
455.27
461.17
431.71
446.01
452.65
450.10
440.91
439.97
448.01
440.62
438.61
439.95
444.73
450.97
418.03
465.49
412.43
424.55
440.32
422.87
434.49
420.13
433.73
439.30
435.97
442.64
440.71
461.71
439.33
442.86
441.14
441.72
425.55
433.41
402.10
431.55
453.04
418.85
442.50
428.95
423.15
431.38
457.42
446.89
420.57
453.87
443.00
430.15
420.75
450.75
416.00
430.36
429.91
420.95
419.61
472.31
449.80
426.93
449.21
413.10
458.94
408.49
441.32
459.37
460.17
425.98
445.05
453.30
457.31
441.82
427.46
445.87
440.84
412.47
425.21
454.34
437.94
447.84
432.40
449.03
442.88
435.87
453.06
467.60
417.60
441.28
451.71
424.52
449.60
410.49
423.32
439.70
428.57
444.43
419.78
420.61
445.56
437.25
429.91
428.26
431.11
441.49
445.30
440.62
426.34
440.27
451.61
459.51
430.89
443.16
428.26
444.25
440.18
396.40
420.93
434.72
447.15
471.67
470.54
432.56
432.05
441.10
461.15
445.46
425.13
453.17
457.30
438.47
446.27
431.76
443.33
423.01
391.37
434.31
443.75
463.21
443.15
451.72
443.05
441.51
432.70
421.46
442.44
443.49
450.70
428.86
441.31
403.64
446.79
425.51
451.98
433.26
440.10
440.56
431.92
436.49
433.10
420.63
416.36
446.66
442.93
445.85
437.41
443.37
450.45
443.47
439.83
433.28
422.62
460.41
404.04
419.24
417.00
435.83
447.85
451.73
432.79
442.17
420.57
434.45
437.84
436.87
459.44
445.30
442.33
453.41
436.34
444.65
446.63
431.90
405.69
440.72
474.32
442.06
455.80
421.22
412.24
443.38
450.36
434.83
445.83
424.00
438.07
451.31
401.27
449.93
436.10
439.08
454.95
429.57
448.87
447.24
413.21
450.19
438.31
430.15
440.43
429.30
440.83
398.31
427.09
459.84
470.58
427.14
430.27
442.01
416.93
439.47
438.62
437.41
436.21
434.44
423.85
437.21
439.30
455.67
461.02
470.77
417.80
416.72
435.76
429.40
422.20
430.32
441.40
434.17
413.46
438.35
433.27
446.60
428.59
413.08
421.99
420.66
433.60
432.94
419.94
433.16
461.50
446.22
435.03
403.05
433.46
424.94
437.53
428.19
442.52
459.87
417.45
420.90
437.32
421.92
434.75
429.35
448.23
423.13
451.71
456.98
456.15
439.14
443.68
424.92
444.00
435.61
432.66
441.93
445.07
442.80
426.27
427.64
447.50
452.40
453.73
437.13
432.85
419.86
451.90
433.29
420.62
440.96
429.49
441.40
453.87
427.38
430.19
433.53
420.27
433.43
423.90
459.73
457.03
445.48
463.98
453.62
423.47
421.42
426.85
444.59
426.30
433.48
390.55
450.58
443.34
449.45
438.92
442.12
449.72
452.07
433.40
469.42
432.67
428.65
433.09
428.03
458.30
441.78
435.90
438.01
439.93
450.44
450.02
442.59
456.08
414.71
447.60
427.03
430.75
419.90
422.42
451.02
419.65
440.56
432.94
409.02
407.16
436.72
443.26
427.93
439.14
418.98
439.11
436.74
417.77
440.05
469.79
423.80
425.46
433.61
438.88
436.91
439.03
431.60
424.06
418.29
432.99
434.11
432.38
432.54
447.42
423.84
410.99
439.54
423.65
412.41
443.36
443.64
423.08
422.81
428.42
453.62
414.11
435.76
457.42
442.10
452.50
460.14
421.54
438.79
427.02
460.77
442.54
440.61
429.82
444.54
440.11
416.52
424.16
436.87
417.45
467.25
439.63
425.55
437.12
417.79
426.51
424.71
426.20
435.99
442.88
461.02
433.51
444.16
430.51
413.39
431.15
430.04
429.80
415.63
455.98
440.63
439.01
439.09
464.12
426.38
439.97
421.71
416.61
454.02
442.18
434.46
404.86
440.05
411.02
439.45
472.75
449.16
450.09
455.23
431.27
458.49
425.04
447.64
437.36
441.65
436.91
423.44
437.48
443.85
426.70
413.56
434.94
442.44
440.05
453.34
414.12
432.02
463.30
426.46
450.90
463.38
411.22
437.92
444.30
435.40
451.54
431.87
399.89
439.61
468.63
427.81
431.86
435.24
426.50
427.32
437.64
441.65
448.48
430.57
435.34
425.96
416.25
441.64
464.67
469.29
439.99
454.16
452.62
410.49
462.50
446.73
425.84
434.50
433.54
431.92
449.72
431.34
451.39
439.81
434.03
425.26
440.00
429.17
420.91
433.60
424.44
444.21
465.60
432.37
457.00
451.15
442.95
423.47
445.59
422.43
437.05
412.37
446.56
435.63
410.36
453.30
444.41
412.64
441.27
438.25
426.78
460.19
429.85
423.22
426.40
448.64
445.59
449.26
452.74
448.51
437.16
472.89
409.69
449.78
452.91
433.54
472.80
448.77
421.85
422.70
437.89
420.16
436.41
411.18
462.94
432.80
430.46
438.74
453.74
421.77
456.68
423.16
441.05
434.98
446.04
406.61
439.40
420.07
448.87
431.63
442.39
443.04
454.10
451.44
444.63
432.22
452.54
421.64
442.47
427.97
427.28
440.05
443.80
443.47
438.18
447.40
467.14
440.00
436.24
420.32
436.28
443.15
451.77
427.57
435.58
450.44
417.12
442.78
423.81
419.54
424.60
448.10
422.02
442.96
431.88
435.64
437.98
458.94
421.68
434.10
439.65
409.07
459.43
397.46
430.25
427.15
449.76
446.04
415.55
440.98
458.64
423.52
446.39
475.81
437.86
433.30
451.73
438.82
443.91
439.62
427.27
431.60
459.83
418.10
454.78
435.20
450.68
443.78
447.82
464.88
411.06
459.60
450.78
435.00
456.86
450.81
451.77
447.46
440.47
415.62
465.49
439.30
425.81
448.68
452.36
451.69
449.25
450.87
432.91
442.32
450.84
438.71
433.25
436.85
415.05
437.76
417.53
425.87
432.74
446.65
428.74
427.55
427.25
449.45
407.55
438.66
428.87
450.87
432.03
432.82
417.38
449.18
429.70
440.03
438.07
420.29
443.83
420.61
426.23
438.87
423.57
424.89
427.83
460.95
438.03
425.89
432.56
439.43
424.62
416.82
441.36
460.49
422.05
457.01
414.81
415.22
460.69
439.42
424.03
462.23
429.96
451.57
446.33
427.77
440.14
455.89
448.08
428.11
440.47
451.93
419.37
453.83
419.58
451.16
425.88
447.46
443.25
443.56
449.49
423.91
453.89
431.11
457.18
428.42
443.38
440.35
420.39
458.52
425.73
429.79
419.07
436.73
410.07
434.75
416.12
427.46
433.77
443.68
475.51
424.47
444.41
427.52
442.83
470.81
465.59
437.56
427.85
429.31
424.11
430.84
434.78
441.80
435.48
451.02
443.04
449.51
438.03
415.66
427.53
435.48
442.59
442.82
424.59
438.28
458.86
449.33
430.26
444.31
429.88
404.08
421.83
427.62
436.33
428.37
427.17
435.53
428.70
443.30
449.49
443.80
460.68
443.13
441.91
434.91
444.79
430.79
440.73
438.39
432.73
444.38
418.75
441.88
467.06
438.64
459.66
424.48
457.84
430.27
464.14
413.07
458.73
426.88
446.17
422.52
438.82
454.30
417.29
431.37
439.73
429.42
448.93
433.47
428.33
422.37
461.39
447.25
448.50
423.12
409.14
449.76
423.84
419.60
448.14
423.16
440.24
418.80
448.20
458.96
457.30
436.16
413.51
437.01
431.42
461.05
460.91
429.70
413.50
442.86
440.39
436.43
431.15
444.58
449.84
412.73
453.66
478.15
430.68
426.32
437.59
435.05
453.32
427.10
454.91
420.37
445.72
433.75
441.79
432.16
443.42
424.29
429.32
464.71
436.89
424.67
446.64
432.38
439.87
436.42
428.41
419.45
458.95
433.40
421.95
451.92
439.88
459.16
418.31
438.70
421.99
473.65
420.00
437.47
445.55
454.39
483.83
434.55
446.94
465.91
442.75
418.96
460.30
461.88
429.21
439.79
423.38
424.12
445.21
426.25
437.31
432.81
450.19
447.10
427.73
417.98
422.97
425.21
467.78
416.17
434.93
437.14
449.77
429.39
453.23
439.40
456.47
403.57
435.18
436.83
417.64
413.90
437.99
401.75
434.35
426.10
427.42
447.94
450.41
446.50
448.31
417.03
461.07
441.09
417.31
435.89
466.61
444.44
450.30
418.77
436.74
434.19
432.13
450.06
463.10
414.75
398.70
439.14
442.52
451.68
419.27
442.26
425.14
453.23
436.85
411.55
430.66
459.14
413.74
452.93
417.30
415.17
438.23
446.51
424.50
428.51
433.81
426.19
427.18
453.12
442.37
439.16
424.40
446.66
443.08
416.76
431.89
435.96
464.44
443.77
434.66
429.54
441.90
414.25
447.86
416.12
442.34
475.19
416.01
437.17
463.25
456.30
449.07
447.43
425.15
432.44
430.33
469.78
448.88
458.38
436.05
406.23
443.72
437.94
434.56
457.87
436.53
455.73
423.82
437.75
423.93
439.09
435.08
433.94
446.31
436.99
435.58
421.96
420.30
440.82
460.75
406.76
440.64
458.33
422.58
403.10
441.43
463.36
442.10
453.65
436.40
439.21
445.67
420.28
438.89
409.99
431.73
436.88
419.46
433.73
434.71
462.16
444.92
421.97
408.39
412.75
415.11
429.25
447.01
447.70
448.30
419.48
438.45
388.88
419.78
431.85
431.89
440.10
443.72
412.98
430.47
439.51
457.25
438.24
426.99
432.33
440.70
429.01
435.22
438.81
434.33
424.92
426.05
441.38
414.03
451.91
435.91
448.15
430.83
461.36
449.83
434.88
450.65
451.96
431.30
426.96
457.97
407.63
432.11
442.96
441.80
449.29
427.21
421.21
418.87
442.83
429.68
429.36
429.90
451.21
458.51
435.98
438.00
441.76
455.23
409.81
426.13
474.82
412.55
459.77
463.58
433.09
436.86
443.15
455.17
446.08
448.67
427.63
467.43
463.16
446.49
450.56
441.95
433.10
448.77
456.70
430.97
436.28
467.97
467.38
432.25
431.61
460.41
444.32
433.70
435.60
422.28
429.50
443.65
447.91
453.85
421.39
431.36
452.39
435.06
436.90
428.49
415.93
428.03
450.01
438.22
426.34